# 検証用データ変数
centralid.tyuou <- c(33130167, 2030130001, 33739426, 33140505)
centralid.keihintohoku <- c(33114285, 33110164, 33130167, 33149672, 33144696, 2030130002, 33139659)
centralid.keiyou <- c(33124109, 2030120003, 33130174, 2030130002, 33130167)
centralid.uchibou <- c(33120159, 33129553, 34124264, 34120500, 34124620, 33129468)
centralid.saikyoukawagoe <- c(33114285, 33119768, 33114029)

# 評価用データ変数
centralid.sotobou <- c(33129448, 33129576, 33129135)
centralid.yamanote <- c(2030130001, 33139659, 2030130002, 33130167)
centralid.utsunomiya <- c(33094345, 33099131, 33099252, 33094030, 33094340, 33089175, 33114247, 33114285, 33110164, 33130167)
centralid.shounanshinjuku <- c(33144016, 33149220, 33139659, 2030130001, 33110164, 33140537, 33114285, 33119753, 33109203)
centralid.takasaki <- c(33114285, 33119753, 33109203)